Overall accuracy: 0.5924

              precision    recall  f1-score   support

        s002     0.4516    0.4200    0.4352       100
        s003     0.6495    0.6300    0.6396       100
        s004     0.4327    0.4500    0.4412       100
        s005     0.6696    0.7500    0.7075       100
        s007     0.3441    0.3200    0.3316       100
        s008     0.4824    0.4100    0.4432       100
        s010     0.6404    0.7300    0.6822       100
        s011     0.5361    0.5200    0.5279       100
        s012     0.7364    0.8100    0.7714       100
        s013     0.5938    0.5700    0.5816       100
        s015     0.4393    0.4700    0.4541       100
        s016     0.7396    0.7100    0.7245       100
        s017     0.7944    0.8500    0.8213       100
        s018     0.3548    0.3300    0.3420       100
        s019     0.6949    0.8200    0.7523       100
        s020     0.5094    0.2700    0.3529       100
        s021     0.4623    0.4900    0.4757       100
        s022     0.9406    0.9500    0.9453       100
        s024     0.6783    0.7800    0.7256       100
        s025     0.6992    0.8600    0.7713       100
        s026     0.5597    0.7500    0.6410       100
        s027     0.5714    0.7200    0.6372       100
        s028     0.8158    0.9300    0.8692       100
        s029     0.3197    0.3900    0.3514       100
        s030     0.6304    0.5800    0.6042       100
        s031     0.3838    0.3800    0.3819       100
        s032     0.3651    0.2300    0.2822       100
        s033     0.7961    0.8200    0.8079       100
        s034     0.3729    0.4400    0.4037       100
        s035     0.4059    0.4100    0.4080       100
        s036     0.9900    0.9900    0.9900       100
        s037     0.3247    0.2500    0.2825       100
        s038     0.6000    0.6900    0.6419       100
        s039     0.8404    0.7900    0.8144       100
        s040     0.7353    0.7500    0.7426       100
        s041     0.7453    0.7900    0.7670       100
        s042     0.8557    0.8300    0.8426       100
        s043     0.7583    0.9100    0.8273       100
        s044     0.6019    0.6500    0.6250       100
        s046     0.2545    0.1400    0.1806       100
        s047     0.3443    0.4200    0.3784       100
        s048     0.3577    0.4900    0.4135       100
        s049     0.7333    0.8800    0.8000       100
        s050     0.4000    0.3800    0.3897       100
        s051     0.4634    0.1900    0.2695       100
        s052     0.9592    0.9400    0.9495       100
        s053     0.6769    0.8800    0.7652       100
        s054     0.5577    0.2900    0.3816       100
        s055     0.6264    0.5700    0.5969       100
        s056     0.3582    0.2400    0.2874       100
        s057     0.4321    0.3500    0.3867       100

    accuracy                         0.5924      5100
   macro avg     0.5821    0.5924    0.5813      5100
weighted avg     0.5821    0.5924    0.5813      5100
